Ranges:-122.424999684795 31.6250003368296 Pixels:49057
Ranges:-116.674998860963 37.3250007994631 Pixels:49057
