Ranges:-124.474999978509 34.2250005478554 Pixels:50518
Ranges:-119.324999240642 46.2250015218207 Pixels:50518
